            ******* TREE #0 *******
**************************** GENERAL INFORMATION ****************************
   Thu Jan 25 21:30:28 2018
   Tree from file: timebin7nex.tre
   -------------------------------- SETTINGS --------------------------------
       Numbers as:	taxon labels
       Number of simulated trees:	1000000
   --------------------------------------------------------------------------

Number of taxa:	144
Tree:	(((1,(2,(3,(4,(5,((18,((14,(((6,(7,8)),(9,(10,11))),(12,13))),(17,(15,16)))),(19,(((25,(24,(20,(21,(22,23))))),((26,27),(28,(29,(30,(31,32)))))),((33,34),((40,(39,(38,(37,(35,36))))),(((43,(41,42)),(46,(44,45))),(47,(48,49))))))))))))),(((50,51),(52,53)),((60,((54,55),(59,(58,(56,57))))),(61,(62,(((93,(((((67,(66,(65,(63,64)))),(68,69)),(70,(71,(72,((73,74),((75,76),(77,78))))))),((79,80),(89,(88,(87,((83,(81,82)),(86,(84,85)))))))),(92,(90,91)))),(94,95)),(96,(97,(98,(99,(100,((101,(102,103)),((104,(105,(106,(107,((108,(109,110)),(111,112)))))),(((113,114),(115,116)),(((((117,118),(119,120)),(121,122)),(123,(124,((125,126),(127,128))))),(129,(130,(131,(132,(133,((137,(134,(135,136))),(138,(139,(140,(141,142))))))))))))))))))))))))),(143,144))

Node:	0	1	2	3	4	5	6	7	8	9	10	11	12	13	14	15	16	17	18	19	20	21	22	23	24	25	26	27	28	29	30	31	32	33	34	35	36	37	38	39	40	41	42	43	44	45	46	47	48	49	50	51	52	53	54	55	56	57	58	59	60	61	62	63	64	65	66	67	68	69	70	71	72	73	74	75	76	77	78	79	80	81	82	83	84	85	86	87	88	89	90	91	92	93	94	95	96	97	98	99	100	101	102	103	104	105	106	107	108	109	110	111	112	113	114	115	116	117	118	119	120	121	122	123	124	125	126	127	128	129	130	131	132	133	134	135	136	137	138	139	140	141	142	143	144	145	146	147	148	149	150	151	152	153	154	155	156	157	158	159	160	161	162	163	164	165	166	167	168	169	170	171	172	173	174	175	176	177	178	179	180	181	182	183	184	185	186	187	188	189	190	191	192	193	194	195	196	197	198	199	200	201	202	203	204	205	206	207	208	209	210	211	212	213	214	215	216	217	218	219	220	221	222	223	224	225	226	227	228	229	230	231	232	233	234	235	236	237	238	239	240	241	242	243	244	245	246	247	248	249	
Paup#:	1	2	3	4	5	6	7	8	9	10	159	158	11	12	13	161	160	157	14	15	162	156	155	16	17	18	164	163	154	153	19	20	21	22	23	24	25	172	171	170	169	168	26	27	174	28	29	30	31	32	178	177	176	175	173	167	33	34	180	35	36	37	38	39	40	186	185	184	183	182	41	42	43	190	189	44	45	46	192	191	188	47	48	49	194	193	187	181	179	166	165	152	151	150	149	148	147	50	51	197	52	53	198	196	54	55	56	202	57	58	59	60	205	204	203	201	200	61	62	63	64	65	66	67	68	218	217	216	215	69	70	219	214	71	72	73	74	75	224	76	77	226	78	79	227	225	223	222	221	220	213	80	81	229	82	83	84	85	86	87	235	234	88	89	90	237	236	233	232	231	230	228	212	91	92	93	239	238	211	210	94	95	240	209	96	97	98	99	100	101	102	103	248	247	104	105	106	107	108	109	110	256	255	111	112	257	254	253	252	251	250	113	114	260	115	116	261	259	117	118	266	119	120	267	265	121	122	268	264	123	124	125	126	272	127	128	273	271	270	269	263	129	130	131	132	133	134	135	136	137	
Dy:	1	1	1	1	1	1	1	1	1	1	2	3	1	1	1	2	3	6	1	1	2	8	9	1	1	1	2	3	12	13	1	1	1	1	1	1	1	2	3	4	5	6	1	1	2	1	1	1	1	1	2	3	4	5	7	13	1	1	2	1	1	1	1	1	1	2	3	4	5	6	1	1	1	2	3	1	1	1	2	3	6	1	1	1	2	3	9	15	17	30	31	44	45	46	47	48	49	1	1	2	1	1	2	4	1	1	1	2	1	1	1	1	2	3	4	6	7	1	1	1	1	1	1	1	1	2	3	4	5	1	1	2	7	1	1	1	1	1	2	1	1	2	1	1	2	4	6	7	8	9	16	1	1	2	1	1	1	1	1	1	2	3	1	1	1	2	3	6	7	8	9	11	27	1	1	1	2	3	30	31	1	1	2	33	1	1	1	1	1	1	1	1	2	3	1	1	1	1	1	1	1	2	3	1	1	2	5	6	7	8	9	1	1	2	1	1	2	4	1	1	2	1	1	2	4	1	1	2	6	1	1	1	1	2	1	1	2	4	5	6	12	1	1	1	1	1	1	1	1	1	
ND:	3	4	5	6	7	9	11	14	15	15	14	13	14	15	15	14	13	12	13	13	12	11	10	11	12	12	11	10	9	8	9	12	13	14	15	16	16	15	14	13	12	11	13	13	12	13	14	15	16	16	15	14	13	12	11	10	12	12	11	13	14	15	16	17	17	16	15	14	13	12	15	16	16	15	14	15	16	16	15	14	13	14	15	15	14	13	12	11	10	9	8	7	6	5	4	3	2	5	5	4	5	5	4	3	5	7	7	6	7	8	9	9	8	7	6	5	4	5	6	9	14	15	16	17	17	16	15	14	13	14	14	13	12	13	14	15	17	17	16	18	18	17	18	18	17	16	15	14	13	12	11	13	13	12	13	14	15	17	18	18	17	16	17	18	18	17	16	15	14	13	12	11	10	11	12	12	11	10	9	8	9	9	8	7	8	9	10	11	12	14	15	15	14	13	15	16	17	18	20	21	21	20	19	20	20	19	18	17	16	15	14	17	17	16	17	17	16	15	20	20	19	20	20	19	18	19	19	18	17	18	19	21	21	20	21	21	20	19	18	17	16	17	18	19	20	21	23	24	25	25	
TL:	0	0	0	0	0	0	0	0	0	0	0	0	0	0	0	0	0	0	0	0	0	0	0	0	0	0	0	0	0	0	0	0	0	0	0	0	0	0	0	0	0	0	0	0	0	0	0	0	0	0	0	0	0	0	0	0	0	0	0	0	0	0	0	0	0	0	0	0	0	0	0	0	0	0	0	0	0	0	0	0	0	0	0	0	0	0	0	0	0	0	0	0	0	0	0	0	0	0	0	0	0	0	0	0	0	0	0	0	0	0	0	0	0	0	0	0	0	0	0	0	0	0	0	0	0	0	0	0	0	0	0	0	0	0	0	0	0	0	0	0	0	0	0	0	0	0	0	0	0	0	0	0	0	0	0	0	0	0	0	0	0	0	0	0	0	0	0	0	0	0	0	0	0	0	0	0	0	0	0	0	0	0	0	0	0	0	0	0	0	0	0	0	0	0	0	0	0	0	0	0	0	0	0	0	0	0	0	0	0	0	0	0	0	0	0	0	0	0	0	0	0	0	0	0	0	0	0	0	0	0	0	0	0	0	0	0	0	0	0	0	0	0	0	0	0	0	0	0	0	0	
RR?:	-	-	-	-	-	-	-	-	-	-	-	-	-	-	-	-	-	-	-	-	-	-	-	-	-	-	-	-	-	-	-	-	-	-	-	-	-	-	-	-	-	-	-	-	-	-	-	-	-	-	-	-	-	-	-	-	-	-	-	-	-	-	-	-	-	-	-	-	-	-	-	-	-	-	-	-	-	-	-	-	-	-	-	-	-	-	-	-	-	-	-	-	-	-	-	-	-	-	-	-	-	-	-	-	-	-	-	-	-	-	-	-	-	-	-	-	-	-	-	-	-	-	-	-	-	-	-	-	-	-	-	-	-	-	-	-	-	-	-	-	-	-	-	-	-	-	-	-	-	-	-	-	-	-	-	-	-	-	-	-	-	-	-	-	-	-	-	-	-	-	-	-	-	-	-	-	-	-	-	-	-	-	-	-	-	-	-	-	-	-	-	-	-	-	-	-	-	-	-	-	-	-	-	-	-	-	-	-	-	-	-	-	-	-	-	-	-	-	-	-	-	-	-	-	-	-	-	-	-	-	-	-	-	-	-	-	-	-	-	-	-	-	-	-	-	-	-	-	-	-	
Delta1:	0	0	0	0	0	0	0	0	0	0	0	0	0	0	0	0	0	0	0	0	0	0	0	0	0	0	0	0	-1.60005	2.00552	0	0	0	0	0	0	0	0	0	0	0	0	0	0	0	0	0	0	0	0	0	0	0	0	0	-0.39302	0	0	0	0	0	0	0	0	0	0	0	0	0	0	0	0	0	0	0	0	0	0	0	0	0	0	0	0	0	0	0	-0.144172	1.31803	-1.35555	3.37552	-3.14229	3.52528	0.0224729	0.0219789	0.0215062	0.0210534	0	0	0	0	0	0	0	0	0	0	0	0	0	0	0	0	0	0	0	0	0	0	0	0	0	0	0	0	0	0	0	0	0	0	0	0	0	0	0	0	0	0	0	0	0	0	0	0	0	0	0	0	0	-2.05539	0	0	0	0	0	0	0	0	0	0	0	0	0	0	0	0	0	0	0	0	-1.17572	0.0263846	0	0	0	0	0	1.40278	1.94798	0	0	0	-1.32287	0	0	0	0	0	0	0	0	0	0	0	0	0	0	0	0	0	0	0	0	0	0	0	0	0	0	0	0	0	0	0	0	0	0	0	0	0	0	0	0	0	0	0	0	0	0	0	0	0	0	0	0	0	0	0	0	-0.246564	0	0	0	0	0	0	0	0	0	
P_Delta1:	1	1	1	1	1	1	1	1	1	1	1	1	1	1	1	1	1	1	1	1	1	1	1	1	1	1	1	1	0.851082	0.106061	1	1	1	1	1	1	1	1	1	1	1	1	1	1	1	1	1	1	1	1	1	1	1	1	1	0.695503	1	1	1	1	1	1	1	1	1	1	1	1	1	1	1	1	1	1	1	1	1	1	1	1	1	1	1	1	1	1	1	0.650546	0.144048	0.888885	0.0114943	0.97885	0.0200846	0.479229	0.481573	0.477248	0.482886	1	1	1	1	1	1	1	1	1	1	1	1	1	1	1	1	1	1	1	1	1	1	1	1	1	1	1	1	1	1	1	1	1	1	1	1	1	1	1	1	1	1	1	1	1	1	1	1	1	1	1	1	1	0.943704	1	1	1	1	1	1	1	1	1	1	1	1	1	1	1	1	1	1	1	1	0.79619	0.488563	1	1	1	1	1	0.118269	0.071757	1	1	1	0.862356	1	1	1	1	1	1	1	1	1	1	1	1	1	1	1	1	1	1	1	1	1	1	1	1	1	1	1	1	1	1	1	1	1	1	1	1	1	1	1	1	1	1	1	1	1	1	1	1	1	1	1	1	1	1	1	1	0.65267	1	1	1	1	1	1	1	1	1	
Delta2:	0	0	0	0	0	0	0	0	0	0	0	0	0	0	0	0	0	0	0	0	0	0	0	0	0	0	0	0	0.116737	1.79176	0	0	0	0	0	0	0	0	0	0	0	0	0	0	0	0	0	0	0	0	0	0	0	0	0	0	0	0	0	0	0	0	0	0	0	0	0	0	0	0	0	0	0	0	0	0	0	0	0	0	0	0	0	0	0	0	0	0.00936144	1.17073	0.00197697	3.2581	0.0656376	3.2581	0.693147	0.693147	0.693147	0.693147	0	0	0	0	0	0	0	0	0	0	0	0	0	0	0	0	0	0	0	0	0	0	0	0	0	0	0	0	0	0	0	0	0	0	0	0	0	0	0	0	0	0	0	0	0	0	0	0	0	0	0	0	0	0	0	0	0	0	0	0	0	0	0	0	0	0	0	0	0	0	0	0	0	0	0.246564	0.0210564	0	0	0	0	0	1.26165	1.79176	0	0	0	0.402381	0	0	0	0	0	0	0	0	0	0	0	0	0	0	0	0	0	0	0	0	0	0	0	0	0	0	0	0	0	0	0	0	0	0	0	0	0	0	0	0	0	0	0	0	0	0	0	0	0	0	0	0	0	0	0	0	0	0	0	0	0	0	0	0	0	0	
P_Delta2:	1	1	1	1	1	1	1	1	1	1	1	1	1	1	1	1	1	1	1	1	1	1	1	1	1	1	1	1	0.48557	0.136364	1	1	1	1	1	1	1	1	1	1	1	1	1	1	1	1	1	1	1	1	1	1	1	1	1	1	1	1	1	1	1	1	1	1	1	1	1	1	1	1	1	1	1	1	1	1	1	1	1	1	1	1	1	1	1	1	1	0.711328	0.161905	0.813463	0.016092	0.555408	0.0285412	0.240664	0.240557	0.238022	0.240654	1	1	1	1	1	1	1	1	1	1	1	1	1	1	1	1	1	1	1	1	1	1	1	1	1	1	1	1	1	1	1	1	1	1	1	1	1	1	1	1	1	1	1	1	1	1	1	1	1	1	1	1	1	1	1	1	1	1	1	1	1	1	1	1	1	1	1	1	1	1	1	1	1	1	0.378571	0.658703	1	1	1	1	1	0.139096	0.0858785	1	1	1	0.329163	1	1	1	1	1	1	1	1	1	1	1	1	1	1	1	1	1	1	1	1	1	1	1	1	1	1	1	1	1	1	1	1	1	1	1	1	1	1	1	1	1	1	1	1	1	1	1	1	1	1	1	1	1	1	1	1	1	1	1	1	1	1	1	1	1	1	
SGPr:	1	1	1	1	1	1	1	1	1	1	1	1	1	1	1	1	1	1	1	1	1	1	1	1	1	1	1	1	0.545455	0.166667	1	1	1	1	1	1	1	1	1	1	1	1	1	1	1	1	1	1	1	1	1	1	1	1	1	1	1	1	1	1	1	1	1	1	1	1	1	1	1	1	1	1	1	1	1	1	1	1	1	1	1	1	1	1	1	1	1	0.857143	0.25	0.896552	0.0666667	0.604651	0.0454545	0.0444444	0.0434783	0.0425532	0.0416667	1	1	1	1	1	1	1	1	1	1	1	1	1	1	1	1	1	1	1	1	1	1	1	1	1	1	1	1	1	1	1	1	1	1	1	1	1	1	1	1	1	1	1	1	1	1	1	1	1	1	1	1	1	0.933333	1	1	1	1	1	1	1	1	1	1	1	1	1	1	1	1	1	1	1	1	0.4	0.846154	1	1	1	1	1	0.206897	0.0666667	1	1	1	0.125	1	1	1	1	1	1	1	1	1	1	1	1	1	1	1	1	1	1	1	1	1	1	1	1	1	1	1	1	1	1	1	1	1	1	1	1	1	1	1	1	1	1	1	1	1	1	1	1	1	1	1	1	1	1	1	1	1	1	1	1	1	1	1	1	1	1	
P_dSGP:	1	1	1	1	1	1	1	1	1	1	1	1	1	1	1	1	1	1	1	1	1	1	1	1	1	1	1	1	0.851082	0.228283	1	1	1	1	1	1	1	1	1	1	1	1	1	1	1	1	1	1	1	1	1	1	1	1	1	0.855159	1	1	1	1	1	1	1	1	1	1	1	1	1	1	1	1	1	1	1	1	1	1	1	1	1	1	1	1	1	1	1	0.635704	0.0869963	0.94736	0.0116585	0.903906	0.100597	0.506725	0.50785	0.513659	0.515202	1	1	1	1	1	1	1	1	1	1	1	1	1	1	1	1	1	1	1	1	1	1	1	1	1	1	1	1	1	1	1	1	1	1	1	1	1	1	1	1	1	1	1	1	1	1	1	1	1	1	1	1	1	0.980952	1	1	1	1	1	1	1	1	1	1	1	1	1	1	1	1	1	1	1	1	0.71619	0.429667	1	1	1	1	1	0.0724486	0.380741	1	1	1	0.572299	1	1	1	1	1	1	1	1	1	1	1	1	1	1	1	1	1	1	1	1	1	1	1	1	1	1	1	1	1	1	1	1	1	1	1	1	1	1	1	1	1	1	1	1	1	1	1	1	1	1	1	1	1	1	1	1	0.708658	1	1	1	1	1	1	1	1	1	

Node:	250	251	252	253	254	255	256	257	258	259	260	261	262	263	264	265	266	267	268	269	270	271	272	273	274	275	276	277	278	279	280	281	282	283	284	285	286	
Paup#:	282	281	280	138	139	140	141	142	286	285	284	283	279	278	277	276	275	274	262	258	249	246	245	244	243	242	241	208	207	206	199	195	146	143	144	287	145	
Dy:	2	3	4	1	1	1	1	1	2	3	4	5	9	10	11	12	13	14	26	30	39	42	43	44	45	46	47	80	81	82	89	93	142	1	1	2	144	
ND:	24	23	22	23	24	25	26	26	25	24	23	22	21	20	19	18	17	16	15	14	13	12	11	10	9	8	7	6	5	4	3	2	1	2	2	1	0	
TL:	0	0	0	0	0	0	0	0	0	0	0	0	0	0	0	0	0	0	0	0	0	0	0	0	0	0	0	0	0	0	0	0	0	0	0	0	0	
RR?:	-	-	-	-	-	-	-	-	-	-	-	-	-	-	-	-	-	-	-	-	-	-	-	-	-	-	-	-	-	-	-	-	-	-	-	-	-	
Delta1:	0	0	0	0	0	0	0	0	0	0	0	0	0	2.17586	0.105361	0.0953102	0.0870114	0.0800427	-2.55637	1.09995	-0.619839	1.31323	1.93576	0.0235305	0.0229895	0.0224729	0.0219789	-3.78601	4.33939	0.0124225	-2.79126	0.668475	-2.13433	0	0	0	3.43917	
P_Delta1:	1	1	1	1	1	1	1	1	1	1	1	1	1	0.0555556	0.435714	0.440115	0.458069	0.461772	0.958493	0.152677	0.758105	0.125358	0.0667828	0.482889	0.478881	0.479229	0.481573	0.9929	0.00474684	0.486693	0.972024	0.230954	0.948258	1	1	1	0.0162828	
Delta2:	0	0	0	0	0	0	0	0	0	0	0	0	0	2.07944	0.693147	0.693147	0.693147	0.693147	0	1.03575	0.119337	1.17327	1.79176	0.693147	0.693147	0.693147	0.693147	0.00956249	4.18965	0.693147	0.352464	0.915806	0.0396172	0	0	0	3.21877	
P_Delta2:	1	1	1	1	1	1	1	1	1	1	1	1	1	0.0555556	0.25	0.242424	0.266667	0.251748	1	0.16309	0.488013	0.146116	0.0774695	0.237532	0.240616	0.240664	0.240557	0.744452	0.0085443	0.239093	0.354611	0.189995	0.620473	1	1	1	0.0198467	
SGPr:	1	1	1	1	1	1	1	1	1	1	1	1	1	0.222222	0.2	0.181818	0.166667	0.153846	0.96	0.275862	0.473684	0.146341	0.047619	0.0465116	0.0454545	0.0444444	0.0434783	0.835443	0.025	0.0246914	0.159091	0.0869565	0.695035	1	1	1	0.027972	
P_dSGP:	1	1	1	1	1	1	1	1	1	1	1	1	1	0.0555556	0.502381	0.516306	0.517051	0.517938	0.981026	0.0513618	0.687298	0.228758	0.413035	0.509688	0.513992	0.506725	0.50785	0.980503	0.0175592	0.502247	0.630236	0.43294	0.925262	1	1	1	0.0552001	

RR?: * Denotes nodes for which random resolutions were performed due to                 a polytomy at the first nested node in the larger descendant
	** Denotes nodes for which random resolutions were performed due to a                 polytomy at that node.

************************** end general information **************************

************* WHOLE-TREE TESTS OF DIVERSIFICATION RATE VARIATION *************
stat:	Mr	Ic/PrIc	sumlnP*/Mp*	PNP/Mp	sumP*/Ms*	SNP/Ms	B1/PrB1
Min ERM	1.10696e-06	1370	-0.942254	1.9625e-33	0.569342	104.302	65.8556
Max ERM	0.999999	224	-0.193387	4.90794e-08	0.860148	130.591	86.5179
Observed	0.0235084	1422	-1.21064	1.57398e-44	0.505841	97.5568	64.766
 --> TailPr		0	0	0	0	0	0

*********** end whole-tree tests of diversification rate variation ***********

******************* SHIFT STATISTICS FOR INDIVIDUAL NODES *******************
***************** end shift statistics for individual nodes *****************


