            ******* TREE #0 *******
**************************** GENERAL INFORMATION ****************************
   Wed Jan 24 19:26:53 2018
   Tree from file: timebin3correct.tre
   -------------------------------- SETTINGS --------------------------------
       Numbers as:	taxon labels
       Number of simulated trees:	1000000
   --------------------------------------------------------------------------

Number of taxa:	79
Tree:	(((1,(2,(3,(4,(5,(6,(7,(8,(9,(10,(17,((13,(11,12)),(16,(14,15)))))))))))))),(((18,19),(20,21)),(22,(23,(24,(((55,(((((29,(28,(27,(25,26)))),(30,31)),(32,(33,(34,((35,36),((37,38),(39,40))))))),((41,42),(51,(50,(49,((45,(43,44)),(48,(46,47)))))))),(54,(52,53)))),(56,57)),(58,(59,(60,(61,(62,((63,(64,65)),((66,(67,68)),((71,(69,70)),(77,(76,(75,(74,(72,73))))))))))))))))))),(78,79))

Node:	0	1	2	3	4	5	6	7	8	9	10	11	12	13	14	15	16	17	18	19	20	21	22	23	24	25	26	27	28	29	30	31	32	33	34	35	36	37	38	39	40	41	42	43	44	45	46	47	48	49	50	51	52	53	54	55	56	57	58	59	60	61	62	63	64	65	66	67	68	69	70	71	72	73	74	75	76	77	78	79	80	81	82	83	84	85	86	87	88	89	90	91	92	93	94	95	96	97	98	99	100	101	102	103	104	105	106	107	108	109	110	111	112	113	114	115	116	117	118	119	120	121	122	123	124	125	126	127	128	129	130	131	132	133	134	135	136	137	138	139	140	141	142	143	144	145	146	147	148	149	150	151	152	153	154	155	156	
Paup#:	1	2	3	4	5	6	7	8	9	10	11	12	13	14	95	94	15	16	17	97	96	93	92	91	90	89	88	87	86	85	84	83	82	18	19	100	20	21	101	99	22	23	24	25	26	27	28	29	30	115	114	113	112	31	32	116	111	33	34	35	36	37	121	38	39	123	40	41	124	122	120	119	118	117	110	42	43	126	44	45	46	47	48	49	132	131	50	51	52	134	133	130	129	128	127	125	109	53	54	55	136	135	108	107	56	57	137	106	58	59	60	61	62	63	64	65	145	144	66	67	68	148	147	69	70	71	151	150	72	73	74	75	76	77	156	155	154	153	152	149	146	143	142	141	140	139	138	105	104	103	102	98	81	78	79	157	80	
Dy:	1	1	1	1	1	1	1	1	1	1	1	1	1	1	2	3	1	1	1	2	3	6	7	8	9	10	11	12	13	14	15	16	17	1	1	2	1	1	2	4	1	1	1	1	1	1	1	1	1	2	3	4	5	1	1	2	7	1	1	1	1	1	2	1	1	2	1	1	2	4	6	7	8	9	16	1	1	2	1	1	1	1	1	1	2	3	1	1	1	2	3	6	7	8	9	11	27	1	1	1	2	3	30	31	1	1	2	33	1	1	1	1	1	1	1	1	2	3	1	1	1	2	3	1	1	1	2	3	1	1	1	1	1	1	2	3	4	5	6	9	12	15	16	17	18	19	20	53	54	55	56	60	77	1	1	2	79	
ND:	3	4	5	6	7	8	9	10	11	12	13	15	16	16	15	14	15	16	16	15	14	13	12	11	10	9	8	7	6	5	4	3	2	5	5	4	5	5	4	3	4	5	6	9	14	15	16	17	17	16	15	14	13	14	14	13	12	13	14	15	17	17	16	18	18	17	18	18	17	16	15	14	13	12	11	13	13	12	13	14	15	17	18	18	17	16	17	18	18	17	16	15	14	13	12	11	10	11	12	12	11	10	9	8	9	9	8	7	8	9	10	11	12	14	15	15	14	13	15	16	16	15	14	16	17	17	16	15	16	17	18	19	20	20	19	18	17	16	15	14	13	12	11	10	9	8	7	6	5	4	3	2	1	2	2	1	0	
TL:	0	0	0	0	0	0	0	0	0	0	0	0	0	0	0	0	0	0	0	0	0	0	0	0	0	0	0	0	0	0	0	0	0	0	0	0	0	0	0	0	0	0	0	0	0	0	0	0	0	0	0	0	0	0	0	0	0	0	0	0	0	0	0	0	0	0	0	0	0	0	0	0	0	0	0	0	0	0	0	0	0	0	0	0	0	0	0	0	0	0	0	0	0	0	0	0	0	0	0	0	0	0	0	0	0	0	0	0	0	0	0	0	0	0	0	0	0	0	0	0	0	0	0	0	0	0	0	0	0	0	0	0	0	0	0	0	0	0	0	0	0	0	0	0	0	0	0	0	0	0	0	0	0	0	0	0	0	
RR?:	-	-	-	-	-	-	-	-	-	-	-	-	-	-	-	-	-	-	-	-	-	-	-	-	-	-	-	-	-	-	-	-	-	-	-	-	-	-	-	-	-	-	-	-	-	-	-	-	-	-	-	-	-	-	-	-	-	-	-	-	-	-	-	-	-	-	-	-	-	-	-	-	-	-	-	-	-	-	-	-	-	-	-	-	-	-	-	-	-	-	-	-	-	-	-	-	-	-	-	-	-	-	-	-	-	-	-	-	-	-	-	-	-	-	-	-	-	-	-	-	-	-	-	-	-	-	-	-	-	-	-	-	-	-	-	-	-	-	-	-	-	-	-	-	-	-	-	-	-	-	-	-	-	-	-	-	-	
Delta1:	0	0	0	0	0	0	0	0	0	0	0	0	0	0	0	0	0	0	0	0	0	0	0	0	0	0.117783	0.105361	0.0953102	0.0870114	0.0800427	0.074108	0.0689929	0.0645385	0	0	0	0	0	0	0	0	0	0	0	0	0	0	0	0	0	0	0	0	0	0	0	0	0	0	0	0	0	0	0	0	0	0	0	0	0	0	0	0	0	-2.05539	0	0	0	0	0	0	0	0	0	0	0	0	0	0	0	0	0	0	0	0	-1.17572	0.0263846	0	0	0	0	0	1.40278	1.94798	0	0	0	-1.32287	0	0	0	0	0	0	0	0	0	0	0	0	0	0	0	0	0	0	0	0	0	0	0	0	0	0	0	0	0	0	0	0	0.272024	0.235126	1.99353	0.0645385	0.0606246	0.0571584	0.0540672	-1.99193	3.88389	0.0186921	0.0183491	-2.18117	-1.30962	0	0	0	2.45369	
P_Delta1:	1	1	1	1	1	1	1	1	1	1	1	1	1	1	1	1	1	1	1	1	1	1	1	1	1	0.455026	0.435714	0.440115	0.458069	0.461772	0.457576	0.463797	0.463	1	1	1	1	1	1	1	1	1	1	1	1	1	1	1	1	1	1	1	1	1	1	1	1	1	1	1	1	1	1	1	1	1	1	1	1	1	1	1	1	1	0.943704	1	1	1	1	1	1	1	1	1	1	1	1	1	1	1	1	1	1	1	1	0.79619	0.488563	1	1	1	1	1	0.118269	0.071757	1	1	1	0.862356	1	1	1	1	1	1	1	1	1	1	1	1	1	1	1	1	1	1	1	1	1	1	1	1	1	1	1	1	1	1	1	1	0.337374	0.364169	0.0952381	0.463	0.481428	0.480476	0.470503	0.94822	0.0101597	0.480607	0.482527	0.957219	0.879454	1	1	1	0.0378218	
Delta2:	0	0	0	0	0	0	0	0	0	0	0	0	0	0	0	0	0	0	0	0	0	0	0	0	0	0.693147	0.693147	0.693147	0.693147	0.693147	0.693147	0.693147	0.693147	0	0	0	0	0	0	0	0	0	0	0	0	0	0	0	0	0	0	0	0	0	0	0	0	0	0	0	0	0	0	0	0	0	0	0	0	0	0	0	0	0	0	0	0	0	0	0	0	0	0	0	0	0	0	0	0	0	0	0	0	0	0	0.246564	0.0210564	0	0	0	0	0	1.26165	1.79176	0	0	0	0.402381	0	0	0	0	0	0	0	0	0	0	0	0	0	0	0	0	0	0	0	0	0	0	0	0	0	0	0	0	0	0	0	0	0.300511	0.300511	1.79176	0.693147	0.693147	0.693147	0.693147	0.0239565	3.68888	0.693147	0.693147	0.389034	0.151242	0	0	0	2.22381	
P_Delta2:	1	1	1	1	1	1	1	1	1	1	1	1	1	1	1	1	1	1	1	1	1	1	1	1	1	0.253968	0.25	0.242424	0.266667	0.251748	0.251082	0.247863	0.243132	1	1	1	1	1	1	1	1	1	1	1	1	1	1	1	1	1	1	1	1	1	1	1	1	1	1	1	1	1	1	1	1	1	1	1	1	1	1	1	1	1	1	1	1	1	1	1	1	1	1	1	1	1	1	1	1	1	1	1	1	1	1	0.378571	0.658703	1	1	1	1	1	0.139096	0.0858785	1	1	1	0.329163	1	1	1	1	1	1	1	1	1	1	1	1	1	1	1	1	1	1	1	1	1	1	1	1	1	1	1	1	1	1	1	1	0.414141	0.381385	0.114286	0.243132	0.254342	0.246296	0.23839	0.65749	0.0159652	0.239013	0.241889	0.333997	0.468326	1	1	1	0.0524332	
SGPr:	1	1	1	1	1	1	1	1	1	1	1	1	1	1	1	1	1	1	1	1	1	1	1	1	1	0.222222	0.2	0.181818	0.166667	0.153846	0.142857	0.133333	0.125	1	1	1	1	1	1	1	1	1	1	1	1	1	1	1	1	1	1	1	1	1	1	1	1	1	1	1	1	1	1	1	1	1	1	1	1	1	1	1	1	1	0.933333	1	1	1	1	1	1	1	1	1	1	1	1	1	1	1	1	1	1	1	1	0.4	0.846154	1	1	1	1	1	0.206897	0.0666667	1	1	1	0.125	1	1	1	1	1	1	1	1	1	1	1	1	1	1	1	1	1	1	1	1	1	1	1	1	1	1	1	1	1	1	1	1	0.545455	0.428571	0.133333	0.125	0.117647	0.111111	0.105263	0.769231	0.0377358	0.037037	0.0363636	0.135593	0.447368	1	1	1	0.0512821	
P_dSGP:	1	1	1	1	1	1	1	1	1	1	1	1	1	1	1	1	1	1	1	1	1	1	1	1	1	0.499471	0.502381	0.516306	0.517051	0.517938	0.499883	0.551002	0.529666	1	1	1	1	1	1	1	1	1	1	1	1	1	1	1	1	1	1	1	1	1	1	1	1	1	1	1	1	1	1	1	1	1	1	1	1	1	1	1	1	1	0.980952	1	1	1	1	1	1	1	1	1	1	1	1	1	1	1	1	1	1	1	1	0.71619	0.429667	1	1	1	1	1	0.0724486	0.380741	1	1	1	0.572299	1	1	1	1	1	1	1	1	1	1	1	1	1	1	1	1	1	1	1	1	1	1	1	1	1	1	1	1	1	1	1	1	0.363348	0.447502	0.274508	0.529666	0.515891	0.502698	0.525732	0.94318	0.03547	0.505407	0.511234	0.600758	0.768807	1	1	1	0.182787	

RR?: * Denotes nodes for which random resolutions were performed due to                 a polytomy at the first nested node in the larger descendant
	** Denotes nodes for which random resolutions were performed due to a                 polytomy at that node.

************************** end general information **************************

************* WHOLE-TREE TESTS OF DIVERSIFICATION RATE VARIATION *************
stat:	Mr	Ic/PrIc	sumlnP*/Mp*	PNP/Mp	sumP*/Ms*	SNP/Ms	B1/PrB1
Min ERM	6.45907e-07	655	-1.00843	1.46879e-21	0.532618	53.6342	33.5996
Max ERM	1	90	-0.116399	0.00295769	0.903206	73.7168	49.3123
Observed	0.0364372	711	-1.27887	4.20356e-29	0.437441	47.5419	32.1954
 --> TailPr		0	0	0	0	0	0

*********** end whole-tree tests of diversification rate variation ***********

******************* SHIFT STATISTICS FOR INDIVIDUAL NODES *******************
***************** end shift statistics for individual nodes *****************


