            ******* TREE #0 *******
**************************** GENERAL INFORMATION ****************************
   Wed Jan 24 22:32:55 2018
   Tree from file: timebin6cor.tre
   -------------------------------- SETTINGS --------------------------------
       Numbers as:	taxon labels
       Number of simulated trees:	1000000
   --------------------------------------------------------------------------

Number of taxa:	113
Tree:	(((1,(2,(3,(4,(5,((6,7),(8,((9,(10,(11,(12,13)))),((14,15),((18,(16,17)),(((21,(19,20)),(24,(22,23))),(25,26)))))))))))),(((27,28),(29,30)),(31,(32,(33,(((64,(((((38,(37,(36,(34,35)))),(39,40)),(41,(42,(43,((44,45),((46,47),(48,49))))))),((50,51),(60,(59,(58,((54,(52,53)),(57,(55,56)))))))),(63,(61,62)))),(65,66)),(67,(68,(69,(70,(71,((72,(73,74)),((75,(76,(77,(78,(79,(80,81)))))),(((82,83),(84,85)),(((((86,87),(88,89)),(90,91)),(92,(93,((94,95),(96,97))))),(98,(99,(100,(101,(102,((106,(103,(104,105))),(107,(108,(109,(110,111))))))))))))))))))))))))),(112,113))

Node:	0	1	2	3	4	5	6	7	8	9	10	11	12	13	14	15	16	17	18	19	20	21	22	23	24	25	26	27	28	29	30	31	32	33	34	35	36	37	38	39	40	41	42	43	44	45	46	47	48	49	50	51	52	53	54	55	56	57	58	59	60	61	62	63	64	65	66	67	68	69	70	71	72	73	74	75	76	77	78	79	80	81	82	83	84	85	86	87	88	89	90	91	92	93	94	95	96	97	98	99	100	101	102	103	104	105	106	107	108	109	110	111	112	113	114	115	116	117	118	119	120	121	122	123	124	125	126	127	128	129	130	131	132	133	134	135	136	137	138	139	140	141	142	143	144	145	146	147	148	149	150	151	152	153	154	155	156	157	158	159	160	161	162	163	164	165	166	167	168	169	170	171	172	173	174	175	176	177	178	179	180	181	182	183	184	185	186	187	188	189	190	191	192	193	194	195	196	197	198	199	200	201	202	203	204	205	206	207	208	209	210	211	212	213	214	215	216	217	218	219	220	221	222	223	224	
Paup#:	1	2	3	4	5	6	7	122	8	9	10	11	12	13	128	127	126	125	14	15	130	16	17	18	133	132	19	20	21	137	136	22	23	24	139	138	135	25	26	140	134	131	129	124	123	121	120	119	118	117	116	27	28	143	29	30	144	142	31	32	33	34	35	36	37	38	39	158	157	156	155	40	41	159	154	42	43	44	45	46	164	47	48	166	49	50	167	165	163	162	161	160	153	51	52	169	53	54	55	56	57	58	175	174	59	60	61	177	176	173	172	171	170	168	152	62	63	64	179	178	151	150	65	66	180	149	67	68	69	70	71	72	73	74	188	187	75	76	77	78	79	80	81	195	194	193	192	191	190	82	83	198	84	85	199	197	86	87	204	88	89	205	203	90	91	206	202	92	93	94	95	210	96	97	211	209	208	207	201	98	99	100	101	102	103	104	105	106	220	219	218	107	108	109	110	111	224	223	222	221	217	216	215	214	213	212	200	196	189	186	185	184	183	182	181	148	147	146	145	141	115	112	113	225	114	
Dy:	1	1	1	1	1	1	1	2	1	1	1	1	1	1	2	3	4	5	1	1	2	1	1	1	2	3	1	1	1	2	3	1	1	1	2	3	6	1	1	2	8	11	13	18	19	21	22	23	24	25	26	1	1	2	1	1	2	4	1	1	1	1	1	1	1	1	1	2	3	4	5	1	1	2	7	1	1	1	1	1	2	1	1	2	1	1	2	4	6	7	8	9	16	1	1	2	1	1	1	1	1	1	2	3	1	1	1	2	3	6	7	8	9	11	27	1	1	1	2	3	30	31	1	1	2	33	1	1	1	1	1	1	1	1	2	3	1	1	1	1	1	1	1	2	3	4	5	6	7	1	1	2	1	1	2	4	1	1	2	1	1	2	4	1	1	2	6	1	1	1	1	2	1	1	2	4	5	6	12	1	1	1	1	1	1	1	1	1	2	3	4	1	1	1	1	1	2	3	4	5	9	10	11	12	13	14	26	30	37	40	41	42	43	44	45	78	79	80	81	85	111	1	1	2	113	
ND:	3	4	5	6	7	9	9	8	9	11	12	13	14	14	13	12	11	10	12	12	11	13	14	14	13	12	15	16	16	15	14	15	16	16	15	14	13	14	14	13	12	11	10	9	8	7	6	5	4	3	2	5	5	4	5	5	4	3	4	5	6	9	14	15	16	17	17	16	15	14	13	14	14	13	12	13	14	15	17	17	16	18	18	17	18	18	17	16	15	14	13	12	11	13	13	12	13	14	15	17	18	18	17	16	17	18	18	17	16	15	14	13	12	11	10	11	12	12	11	10	9	8	9	9	8	7	8	9	10	11	12	14	15	15	14	13	15	16	17	18	19	20	20	19	18	17	16	15	14	17	17	16	17	17	16	15	20	20	19	20	20	19	18	19	19	18	17	18	19	21	21	20	21	21	20	19	18	17	16	17	18	19	20	21	23	24	25	25	24	23	22	23	24	25	26	26	25	24	23	22	21	20	19	18	17	16	15	14	13	12	11	10	9	8	7	6	5	4	3	2	1	2	2	1	0	
TL:	0	0	0	0	0	0	0	0	0	0	0	0	0	0	0	0	0	0	0	0	0	0	0	0	0	0	0	0	0	0	0	0	0	0	0	0	0	0	0	0	0	0	0	0	0	0	0	0	0	0	0	0	0	0	0	0	0	0	0	0	0	0	0	0	0	0	0	0	0	0	0	0	0	0	0	0	0	0	0	0	0	0	0	0	0	0	0	0	0	0	0	0	0	0	0	0	0	0	0	0	0	0	0	0	0	0	0	0	0	0	0	0	0	0	0	0	0	0	0	0	0	0	0	0	0	0	0	0	0	0	0	0	0	0	0	0	0	0	0	0	0	0	0	0	0	0	0	0	0	0	0	0	0	0	0	0	0	0	0	0	0	0	0	0	0	0	0	0	0	0	0	0	0	0	0	0	0	0	0	0	0	0	0	0	0	0	0	0	0	0	0	0	0	0	0	0	0	0	0	0	0	0	0	0	0	0	0	0	0	0	0	0	0	0	0	0	0	0	0	0	0	0	0	0	0	
RR?:	-	-	-	-	-	-	-	-	-	-	-	-	-	-	-	-	-	-	-	-	-	-	-	-	-	-	-	-	-	-	-	-	-	-	-	-	-	-	-	-	-	-	-	-	-	-	-	-	-	-	-	-	-	-	-	-	-	-	-	-	-	-	-	-	-	-	-	-	-	-	-	-	-	-	-	-	-	-	-	-	-	-	-	-	-	-	-	-	-	-	-	-	-	-	-	-	-	-	-	-	-	-	-	-	-	-	-	-	-	-	-	-	-	-	-	-	-	-	-	-	-	-	-	-	-	-	-	-	-	-	-	-	-	-	-	-	-	-	-	-	-	-	-	-	-	-	-	-	-	-	-	-	-	-	-	-	-	-	-	-	-	-	-	-	-	-	-	-	-	-	-	-	-	-	-	-	-	-	-	-	-	-	-	-	-	-	-	-	-	-	-	-	-	-	-	-	-	-	-	-	-	-	-	-	-	-	-	-	-	-	-	-	-	-	-	-	-	-	-	-	-	-	-	-	-	
Delta1:	0	0	0	0	0	0	0	0	0	0	0	0	0	0	0	0	0	0	0	0	0	0	0	0	0	0	0	0	0	0	0	0	0	0	0	0	0	0	0	0	0	-0.155362	0.697504	-0.751527	2.55257	-1.28402	1.43817	0.04652	0.0444518	0.0425596	0.040822	0	0	0	0	0	0	0	0	0	0	0	0	0	0	0	0	0	0	0	0	0	0	0	0	0	0	0	0	0	0	0	0	0	0	0	0	0	0	0	0	0	-2.05539	0	0	0	0	0	0	0	0	0	0	0	0	0	0	0	0	0	0	0	0	-1.17572	0.0263846	0	0	0	0	0	1.40278	1.94798	0	0	0	-1.32287	0	0	0	0	0	0	0	0	0	0	0	0	0	0	0	0	0	0	0	0	0	0	0	0	0	0	0	0	0	0	0	0	0	0	0	0	0	0	0	0	0	0	0	0	0	0	0	0	0	0	0	0	-0.246564	0	0	0	0	0	0	0	0	0	0	0	0	0	0	0	0	0	0	0	0	0	0	2.17586	0.105361	0.0953102	0.0870114	0.0800427	-2.55637	1.09995	-0.410946	1.05408	1.93722	0.0246926	0.0240976	0.0235305	0.0229895	-3.75135	4.32387	0.012739	0.0125788	-2.2015	-1.72566	0	0	0	2.87725	
P_Delta1:	1	1	1	1	1	1	1	1	1	1	1	1	1	1	1	1	1	1	1	1	1	1	1	1	1	1	1	1	1	1	1	1	1	1	1	1	1	1	1	1	1	0.599524	0.236364	0.772967	0.0588235	0.877883	0.120802	0.461957	0.463055	0.473562	0.474453	1	1	1	1	1	1	1	1	1	1	1	1	1	1	1	1	1	1	1	1	1	1	1	1	1	1	1	1	1	1	1	1	1	1	1	1	1	1	1	1	1	0.943704	1	1	1	1	1	1	1	1	1	1	1	1	1	1	1	1	1	1	1	1	0.79619	0.488563	1	1	1	1	1	0.118269	0.071757	1	1	1	0.862356	1	1	1	1	1	1	1	1	1	1	1	1	1	1	1	1	1	1	1	1	1	1	1	1	1	1	1	1	1	1	1	1	1	1	1	1	1	1	1	1	1	1	1	1	1	1	1	1	1	1	1	1	0.65267	1	1	1	1	1	1	1	1	1	1	1	1	1	1	1	1	1	1	1	1	1	1	0.0555556	0.435714	0.440115	0.458069	0.461772	0.958493	0.152677	0.697326	0.162956	0.068556	0.478732	0.480874	0.482889	0.478881	0.991412	0.004329	0.486537	0.486298	0.945883	0.917905	1	1	1	0.0256669	
Delta2:	0	0	0	0	0	0	0	0	0	0	0	0	0	0	0	0	0	0	0	0	0	0	0	0	0	0	0	0	0	0	0	0	0	0	0	0	0	0	0	0	0	0.116737	0.678474	0.0870267	2.30259	0.246564	1.38629	0.693147	0.693147	0.693147	0.693147	0	0	0	0	0	0	0	0	0	0	0	0	0	0	0	0	0	0	0	0	0	0	0	0	0	0	0	0	0	0	0	0	0	0	0	0	0	0	0	0	0	0	0	0	0	0	0	0	0	0	0	0	0	0	0	0	0	0	0	0	0	0	0.246564	0.0210564	0	0	0	0	0	1.26165	1.79176	0	0	0	0.402381	0	0	0	0	0	0	0	0	0	0	0	0	0	0	0	0	0	0	0	0	0	0	0	0	0	0	0	0	0	0	0	0	0	0	0	0	0	0	0	0	0	0	0	0	0	0	0	0	0	0	0	0	0	0	0	0	0	0	0	0	0	0	0	0	0	0	0	0	0	0	0	0	0	0	0	2.07944	0.693147	0.693147	0.693147	0.693147	0	1.03575	0.211062	1.02404	1.79176	0.693147	0.693147	0.693147	0.693147	0.00682384	4.18965	0.693147	0.693147	0.389034	0.127614	0	0	0	2.62068	
P_Delta2:	1	1	1	1	1	1	1	1	1	1	1	1	1	1	1	1	1	1	1	1	1	1	1	1	1	1	1	1	1	1	1	1	1	1	1	1	1	1	1	1	1	0.492857	0.266667	0.512413	0.0718954	0.401312	0.120802	0.246039	0.241103	0.244372	0.238554	1	1	1	1	1	1	1	1	1	1	1	1	1	1	1	1	1	1	1	1	1	1	1	1	1	1	1	1	1	1	1	1	1	1	1	1	1	1	1	1	1	1	1	1	1	1	1	1	1	1	1	1	1	1	1	1	1	1	1	1	1	1	0.378571	0.658703	1	1	1	1	1	0.139096	0.0858785	1	1	1	0.329163	1	1	1	1	1	1	1	1	1	1	1	1	1	1	1	1	1	1	1	1	1	1	1	1	1	1	1	1	1	1	1	1	1	1	1	1	1	1	1	1	1	1	1	1	1	1	1	1	1	1	1	1	1	1	1	1	1	1	1	1	1	1	1	1	1	1	1	1	1	1	1	1	1	1	1	0.0555556	0.25	0.242424	0.266667	0.251748	1	0.16309	0.424649	0.168491	0.0790148	0.239794	0.239314	0.237532	0.240616	0.767539	0.00765901	0.239655	0.240524	0.334967	0.488953	1	1	1	0.0356128	
SGPr:	1	1	1	1	1	1	1	1	1	1	1	1	1	1	1	1	1	1	1	1	1	1	1	1	1	1	1	1	1	1	1	1	1	1	1	1	1	1	1	1	1	0.6	0.333333	0.588235	0.111111	0.2	0.0952381	0.0909091	0.0869565	0.0833333	0.08	1	1	1	1	1	1	1	1	1	1	1	1	1	1	1	1	1	1	1	1	1	1	1	1	1	1	1	1	1	1	1	1	1	1	1	1	1	1	1	1	1	0.933333	1	1	1	1	1	1	1	1	1	1	1	1	1	1	1	1	1	1	1	1	0.4	0.846154	1	1	1	1	1	0.206897	0.0666667	1	1	1	0.125	1	1	1	1	1	1	1	1	1	1	1	1	1	1	1	1	1	1	1	1	1	1	1	1	1	1	1	1	1	1	1	1	1	1	1	1	1	1	1	1	1	1	1	1	1	1	1	1	1	1	1	1	1	1	1	1	1	1	1	1	1	1	1	1	1	1	1	1	1	1	1	1	1	1	1	0.222222	0.2	0.181818	0.166667	0.153846	0.96	0.275862	0.388889	0.153846	0.05	0.0487805	0.047619	0.0465116	0.0454545	0.857143	0.025641	0.0253165	0.025	0.0952381	0.472727	1	1	1	0.0357143	
P_dSGP:	1	1	1	1	1	1	1	1	1	1	1	1	1	1	1	1	1	1	1	1	1	1	1	1	1	1	1	1	1	1	1	1	1	1	1	1	1	1	1	1	1	0.599524	0.303283	0.76461	0.125514	0.61483	0.409718	0.513911	0.522663	0.534384	0.502036	1	1	1	1	1	1	1	1	1	1	1	1	1	1	1	1	1	1	1	1	1	1	1	1	1	1	1	1	1	1	1	1	1	1	1	1	1	1	1	1	1	0.980952	1	1	1	1	1	1	1	1	1	1	1	1	1	1	1	1	1	1	1	1	0.71619	0.429667	1	1	1	1	1	0.0724486	0.380741	1	1	1	0.572299	1	1	1	1	1	1	1	1	1	1	1	1	1	1	1	1	1	1	1	1	1	1	1	1	1	1	1	1	1	1	1	1	1	1	1	1	1	1	1	1	1	1	1	1	1	1	1	1	1	1	1	1	0.708658	1	1	1	1	1	1	1	1	1	1	1	1	1	1	1	1	1	1	1	1	1	1	0.0555556	0.502381	0.516306	0.517051	0.517938	0.981026	0.0513618	0.625251	0.296283	0.409084	0.505365	0.506255	0.509688	0.513992	0.98514	0.013941	0.506651	0.508614	0.573231	0.810013	1	1	1	0.159183	

RR?: * Denotes nodes for which random resolutions were performed due to                 a polytomy at the first nested node in the larger descendant
	** Denotes nodes for which random resolutions were performed due to a                 polytomy at that node.

************************** end general information **************************

************* WHOLE-TREE TESTS OF DIVERSIFICATION RATE VARIATION *************
stat:	Mr	Ic/PrIc	sumlnP*/Mp*	PNP/Mp	sumP*/Ms*	SNP/Ms	B1/PrB1
Min ERM	1.50375e-07	1017	-0.932357	1.42287e-26	0.561889	79.3964	50.2202
Max ERM	1	153	-0.154842	2.61089e-05	0.882053	104.118	69.2397
Observed	0.025974	1187	-1.32084	3.90892e-39	0.46243	72.8683	49.9469
 --> TailPr		0	0	0	0	0	0

*********** end whole-tree tests of diversification rate variation ***********

******************* SHIFT STATISTICS FOR INDIVIDUAL NODES *******************
***************** end shift statistics for individual nodes *****************


