            ******* TREE #0 *******
**************************** GENERAL INFORMATION ****************************
   Wed Jan 24 19:47:46 2018
   Tree from file: timebin5correct.tre
   -------------------------------- SETTINGS --------------------------------
       Numbers as:	taxon labels
       Number of simulated trees:	1000000
   --------------------------------------------------------------------------

Number of taxa:	98
Tree:	(((1,(2,(3,(4,(5,(6,(7,(8,(9,((12,(10,11)),(((15,(13,14)),(18,(16,17))),(19,20)))))))))))),(((21,22),(23,24)),(25,(26,(27,(((58,(((((32,(31,(30,(28,29)))),(33,34)),(35,(36,(37,((38,39),((40,41),(42,43))))))),((44,45),(54,(53,(52,((48,(46,47)),(51,(49,50)))))))),(57,(55,56)))),(59,60)),(61,(62,(63,(64,(65,((66,(67,68)),((69,(70,71)),(((72,73),(74,75)),(((80,((76,77),(78,79))),(81,(82,((83,84),(85,86))))),(87,(88,(89,(90,(91,(96,(95,(92,(93,94)))))))))))))))))))))))),(97,98))

Node:	0	1	2	3	4	5	6	7	8	9	10	11	12	13	14	15	16	17	18	19	20	21	22	23	24	25	26	27	28	29	30	31	32	33	34	35	36	37	38	39	40	41	42	43	44	45	46	47	48	49	50	51	52	53	54	55	56	57	58	59	60	61	62	63	64	65	66	67	68	69	70	71	72	73	74	75	76	77	78	79	80	81	82	83	84	85	86	87	88	89	90	91	92	93	94	95	96	97	98	99	100	101	102	103	104	105	106	107	108	109	110	111	112	113	114	115	116	117	118	119	120	121	122	123	124	125	126	127	128	129	130	131	132	133	134	135	136	137	138	139	140	141	142	143	144	145	146	147	148	149	150	151	152	153	154	155	156	157	158	159	160	161	162	163	164	165	166	167	168	169	170	171	172	173	174	175	176	177	178	179	180	181	182	183	184	185	186	187	188	189	190	191	192	193	194	
Paup#:	1	2	3	4	5	6	7	8	9	10	11	12	112	111	13	14	15	116	115	16	17	18	118	117	114	19	20	119	113	110	109	108	107	106	105	104	103	102	101	21	22	122	23	24	123	121	25	26	27	28	29	30	31	32	33	137	136	135	134	34	35	138	133	36	37	38	39	40	143	41	42	145	43	44	146	144	142	141	140	139	132	45	46	148	47	48	49	50	51	52	154	153	53	54	55	156	155	152	151	150	149	147	131	56	57	58	158	157	130	129	59	60	159	128	61	62	63	64	65	66	67	68	167	166	69	70	71	170	169	72	73	173	74	75	174	172	76	77	78	179	79	80	180	178	177	81	82	83	84	184	85	86	185	183	182	181	176	87	88	89	90	91	92	93	94	95	96	194	193	192	191	190	189	188	187	186	175	171	168	165	164	163	162	161	160	127	126	125	124	120	100	97	98	195	99	
Dy:	1	1	1	1	1	1	1	1	1	1	1	1	2	3	1	1	1	2	3	1	1	1	2	3	6	1	1	2	8	11	12	13	14	15	16	17	18	19	20	1	1	2	1	1	2	4	1	1	1	1	1	1	1	1	1	2	3	4	5	1	1	2	7	1	1	1	1	1	2	1	1	2	1	1	2	4	6	7	8	9	16	1	1	2	1	1	1	1	1	1	2	3	1	1	1	2	3	6	7	8	9	11	27	1	1	1	2	3	30	31	1	1	2	33	1	1	1	1	1	1	1	1	2	3	1	1	1	2	3	1	1	2	1	1	2	4	1	1	1	2	1	1	2	4	5	1	1	1	1	2	1	1	2	4	5	6	11	1	1	1	1	1	1	1	1	1	1	2	3	4	5	6	7	8	9	10	21	25	28	31	32	33	34	35	36	69	70	71	72	76	96	1	1	2	98	
ND:	3	4	5	6	7	8	9	10	11	13	14	14	13	12	15	16	16	15	14	15	16	16	15	14	13	14	14	13	12	11	10	9	8	7	6	5	4	3	2	5	5	4	5	5	4	3	4	5	6	9	14	15	16	17	17	16	15	14	13	14	14	13	12	13	14	15	17	17	16	18	18	17	18	18	17	16	15	14	13	12	11	13	13	12	13	14	15	17	18	18	17	16	17	18	18	17	16	15	14	13	12	11	10	11	12	12	11	10	9	8	9	9	8	7	8	9	10	11	12	14	15	15	14	13	15	16	16	15	14	17	17	16	17	17	16	15	18	20	20	19	20	20	19	18	17	18	19	21	21	20	21	21	20	19	18	17	16	17	18	19	20	21	22	23	24	25	25	24	23	22	21	20	19	18	17	16	15	14	13	12	11	10	9	8	7	6	5	4	3	2	1	2	2	1	0	
TL:	0	0	0	0	0	0	0	0	0	0	0	0	0	0	0	0	0	0	0	0	0	0	0	0	0	0	0	0	0	0	0	0	0	0	0	0	0	0	0	0	0	0	0	0	0	0	0	0	0	0	0	0	0	0	0	0	0	0	0	0	0	0	0	0	0	0	0	0	0	0	0	0	0	0	0	0	0	0	0	0	0	0	0	0	0	0	0	0	0	0	0	0	0	0	0	0	0	0	0	0	0	0	0	0	0	0	0	0	0	0	0	0	0	0	0	0	0	0	0	0	0	0	0	0	0	0	0	0	0	0	0	0	0	0	0	0	0	0	0	0	0	0	0	0	0	0	0	0	0	0	0	0	0	0	0	0	0	0	0	0	0	0	0	0	0	0	0	0	0	0	0	0	0	0	0	0	0	0	0	0	0	0	0	0	0	0	0	0	0	0	0	0	0	0	0	
RR?:	-	-	-	-	-	-	-	-	-	-	-	-	-	-	-	-	-	-	-	-	-	-	-	-	-	-	-	-	-	-	-	-	-	-	-	-	-	-	-	-	-	-	-	-	-	-	-	-	-	-	-	-	-	-	-	-	-	-	-	-	-	-	-	-	-	-	-	-	-	-	-	-	-	-	-	-	-	-	-	-	-	-	-	-	-	-	-	-	-	-	-	-	-	-	-	-	-	-	-	-	-	-	-	-	-	-	-	-	-	-	-	-	-	-	-	-	-	-	-	-	-	-	-	-	-	-	-	-	-	-	-	-	-	-	-	-	-	-	-	-	-	-	-	-	-	-	-	-	-	-	-	-	-	-	-	-	-	-	-	-	-	-	-	-	-	-	-	-	-	-	-	-	-	-	-	-	-	-	-	-	-	-	-	-	-	-	-	-	-	-	-	-	-	-	-	
Delta1:	0	0	0	0	0	0	0	0	0	0	0	0	0	0	0	0	0	0	0	0	0	0	0	0	0	0	0	0	0	-0.155362	2.00607	0.0870114	0.0800427	0.074108	0.0689929	0.0645385	0.0606246	0.0571584	0.0540672	0	0	0	0	0	0	0	0	0	0	0	0	0	0	0	0	0	0	0	0	0	0	0	0	0	0	0	0	0	0	0	0	0	0	0	0	0	0	0	0	0	-2.05539	0	0	0	0	0	0	0	0	0	0	0	0	0	0	0	0	0	0	0	0	-1.17572	0.0263846	0	0	0	0	0	1.40278	1.94798	0	0	0	-1.32287	0	0	0	0	0	0	0	0	0	0	0	0	0	0	0	0	0	0	0	0	0	0	0	0	0	0	0	0	0	0	0	0	0	0	0	0	0	0	0	0	0	0	-1.59589	0	0	0	0	0	0	0	0	0	0	0	0	0	0	0	0	0	0	0.117783	-0.0102001	0.91246	0.465174	0.106465	1.94654	0.0317487	0.0307717	0.029853	0.0289875	-3.55275	4.23151	0.0143887	0.0141846	-2.19575	-1.49654	0	0	0	2.61791	
P_Delta1:	1	1	1	1	1	1	1	1	1	1	1	1	1	1	1	1	1	1	1	1	1	1	1	1	1	1	1	1	1	0.599524	0.109091	0.458069	0.461772	0.457576	0.463797	0.463	0.481428	0.480476	0.470503	1	1	1	1	1	1	1	1	1	1	1	1	1	1	1	1	1	1	1	1	1	1	1	1	1	1	1	1	1	1	1	1	1	1	1	1	1	1	1	1	1	0.943704	1	1	1	1	1	1	1	1	1	1	1	1	1	1	1	1	1	1	1	1	0.79619	0.488563	1	1	1	1	1	0.118269	0.071757	1	1	1	0.862356	1	1	1	1	1	1	1	1	1	1	1	1	1	1	1	1	1	1	1	1	1	1	1	1	1	1	1	1	1	1	1	1	1	1	1	1	1	1	1	1	1	1	0.933333	1	1	1	1	1	1	1	1	1	1	1	1	1	1	1	1	1	1	0.455026	0.531602	0.188677	0.279329	0.426442	0.0714868	0.470833	0.473953	0.475432	0.476909	0.980446	0.00170503	0.484549	0.484139	0.942096	0.902744	1	1	1	0.0347902	
Delta2:	0	0	0	0	0	0	0	0	0	0	0	0	0	0	0	0	0	0	0	0	0	0	0	0	0	0	0	0	0	0.116737	1.79176	0.693147	0.693147	0.693147	0.693147	0.693147	0.693147	0.693147	0.693147	0	0	0	0	0	0	0	0	0	0	0	0	0	0	0	0	0	0	0	0	0	0	0	0	0	0	0	0	0	0	0	0	0	0	0	0	0	0	0	0	0	0	0	0	0	0	0	0	0	0	0	0	0	0	0	0	0	0	0	0	0	0	0.246564	0.0210564	0	0	0	0	0	1.26165	1.79176	0	0	0	0.402381	0	0	0	0	0	0	0	0	0	0	0	0	0	0	0	0	0	0	0	0	0	0	0	0	0	0	0	0	0	0	0	0	0	0	0	0	0	0	0	0	0	0	0	0	0	0	0	0	0	0	0	0	0	0	0	0	0	0	0	0	0	0.693147	0	0.872546	0.640781	0.562439	1.79176	0.693147	0.693147	0.693147	0.693147	0.000306201	4.18965	0.693147	0.693147	0.389034	0.163767	0	0	0	2.37431	
P_Delta2:	1	1	1	1	1	1	1	1	1	1	1	1	1	1	1	1	1	1	1	1	1	1	1	1	1	1	1	1	1	0.492857	0.145455	0.266667	0.251748	0.251082	0.247863	0.243132	0.254342	0.246296	0.23839	1	1	1	1	1	1	1	1	1	1	1	1	1	1	1	1	1	1	1	1	1	1	1	1	1	1	1	1	1	1	1	1	1	1	1	1	1	1	1	1	1	1	1	1	1	1	1	1	1	1	1	1	1	1	1	1	1	1	1	1	1	1	0.378571	0.658703	1	1	1	1	1	0.139096	0.0858785	1	1	1	0.329163	1	1	1	1	1	1	1	1	1	1	1	1	1	1	1	1	1	1	1	1	1	1	1	1	1	1	1	1	1	1	1	1	1	1	1	1	1	1	1	1	1	1	1	1	1	1	1	1	1	1	1	1	1	1	1	1	1	1	1	1	1	0.253968	1	0.196253	0.259848	0.282849	0.0846867	0.241314	0.238621	0.239979	0.236767	0.917178	0.00255754	0.240059	0.242547	0.336515	0.458095	1	1	1	0.0443817	
SGPr:	1	1	1	1	1	1	1	1	1	1	1	1	1	1	1	1	1	1	1	1	1	1	1	1	1	1	1	1	1	0.6	0.181818	0.166667	0.153846	0.142857	0.133333	0.125	0.117647	0.111111	0.105263	1	1	1	1	1	1	1	1	1	1	1	1	1	1	1	1	1	1	1	1	1	1	1	1	1	1	1	1	1	1	1	1	1	1	1	1	1	1	1	1	1	0.933333	1	1	1	1	1	1	1	1	1	1	1	1	1	1	1	1	1	1	1	1	0.4	0.846154	1	1	1	1	1	0.206897	0.0666667	1	1	1	0.125	1	1	1	1	1	1	1	1	1	1	1	1	1	1	1	1	1	1	1	1	1	1	1	1	1	1	1	1	1	1	1	1	1	1	1	1	1	1	1	1	1	1	1	1	1	1	1	1	1	1	1	1	1	1	1	1	1	1	1	1	1	0.222222	1	0.333333	0.222222	0.2	0.0645161	0.0625	0.0606061	0.0588235	0.0571429	0.970588	0.0289855	0.0285714	0.028169	0.106667	0.421053	1	1	1	0.0412371	
P_dSGP:	1	1	1	1	1	1	1	1	1	1	1	1	1	1	1	1	1	1	1	1	1	1	1	1	1	1	1	1	1	0.599524	0.215152	0.517051	0.517938	0.499883	0.551002	0.529666	0.515891	0.502698	0.525732	1	1	1	1	1	1	1	1	1	1	1	1	1	1	1	1	1	1	1	1	1	1	1	1	1	1	1	1	1	1	1	1	1	1	1	1	1	1	1	1	1	0.980952	1	1	1	1	1	1	1	1	1	1	1	1	1	1	1	1	1	1	1	1	0.71619	0.429667	1	1	1	1	1	0.0724486	0.380741	1	1	1	0.572299	1	1	1	1	1	1	1	1	1	1	1	1	1	1	1	1	1	1	1	1	1	1	1	1	1	1	1	1	1	1	1	1	1	1	1	1	1	1	1	1	1	1	0.92	1	1	1	1	1	1	1	1	1	1	1	1	1	1	1	1	1	1	0.499471	0.549784	0.0524186	0.410925	0.487185	0.383943	0.51907	0.512224	0.503123	0.516742	0.996589	0.00213765	0.505177	0.508963	0.581405	0.7677	1	1	1	0.19346	

RR?: * Denotes nodes for which random resolutions were performed due to                 a polytomy at the first nested node in the larger descendant
	** Denotes nodes for which random resolutions were performed due to a                 polytomy at that node.

************************** end general information **************************

************* WHOLE-TREE TESTS OF DIVERSIFICATION RATE VARIATION *************
stat:	Mr	Ic/PrIc	sumlnP*/Mp*	PNP/Mp	sumP*/Ms*	SNP/Ms	B1/PrB1
Min ERM	9.72943e-07	924	-1.00599	7.58988e-24	0.542477	67.5146	43.0686
Max ERM	0.999999	117	-0.14174	0.00018385	0.887259	90.2237	60.5119
Observed	0.028866	986	-1.33233	1.03484e-35	0.447364	61.1008	42.0403
 --> TailPr		0	0	0	0	0	0

*********** end whole-tree tests of diversification rate variation ***********

******************* SHIFT STATISTICS FOR INDIVIDUAL NODES *******************
***************** end shift statistics for individual nodes *****************


