            ******* TREE #0 *******
**************************** GENERAL INFORMATION ****************************
   Wed Jan 24 19:20:48 2018
   Tree from file: timebin2correct.tre
   -------------------------------- SETTINGS --------------------------------
       Numbers as:	taxon labels
       Number of simulated trees:	1000000
   --------------------------------------------------------------------------

Number of taxa:	60
Tree:	(((1,(2,(3,(4,(5,(6,(7,(8,(9,(10,(17,((13,(11,12)),(16,(14,15)))))))))))))),(((18,19),(20,21)),(22,(23,(24,(((47,(((((29,(28,(27,(25,26)))),(30,31)),(32,(33,(34,((35,36),((37,38),(39,40))))))),(43,(41,42))),(46,(44,45)))),(48,49)),(50,(51,(52,(53,(54,(58,(55,(56,57)))))))))))))),(59,60))

Node:	0	1	2	3	4	5	6	7	8	9	10	11	12	13	14	15	16	17	18	19	20	21	22	23	24	25	26	27	28	29	30	31	32	33	34	35	36	37	38	39	40	41	42	43	44	45	46	47	48	49	50	51	52	53	54	55	56	57	58	59	60	61	62	63	64	65	66	67	68	69	70	71	72	73	74	75	76	77	78	79	80	81	82	83	84	85	86	87	88	89	90	91	92	93	94	95	96	97	98	99	100	101	102	103	104	105	106	107	108	109	110	111	112	113	114	115	116	117	118	
Paup#:	1	2	3	4	5	6	7	8	9	10	11	12	13	14	76	75	15	16	17	78	77	74	73	72	71	70	69	68	67	66	65	64	63	18	19	81	20	21	82	80	22	23	24	25	26	27	28	29	30	96	95	94	93	31	32	97	92	33	34	35	36	37	102	38	39	104	40	41	105	103	101	100	99	98	91	42	43	44	107	106	90	45	46	47	109	108	89	88	48	49	110	87	50	51	52	53	54	55	56	57	58	118	117	116	115	114	113	112	111	86	85	84	83	79	62	59	60	119	61	
Dy:	1	1	1	1	1	1	1	1	1	1	1	1	1	1	2	3	1	1	1	2	3	6	7	8	9	10	11	12	13	14	15	16	17	1	1	2	1	1	2	4	1	1	1	1	1	1	1	1	1	2	3	4	5	1	1	2	7	1	1	1	1	1	2	1	1	2	1	1	2	4	6	7	8	9	16	1	1	1	2	3	19	1	1	1	2	3	22	23	1	1	2	25	1	1	1	1	1	1	1	1	1	2	3	4	5	6	7	8	9	34	35	36	37	41	58	1	1	2	60	
ND:	3	4	5	6	7	8	9	10	11	12	13	15	16	16	15	14	15	16	16	15	14	13	12	11	10	9	8	7	6	5	4	3	2	5	5	4	5	5	4	3	4	5	6	9	14	15	16	17	17	16	15	14	13	14	14	13	12	13	14	15	17	17	16	18	18	17	18	18	17	16	15	14	13	12	11	12	13	13	12	11	10	11	12	12	11	10	9	8	9	9	8	7	8	9	10	11	12	13	14	15	15	14	13	12	11	10	9	8	7	6	5	4	3	2	1	2	2	1	0	
TL:	0	0	0	0	0	0	0	0	0	0	0	0	0	0	0	0	0	0	0	0	0	0	0	0	0	0	0	0	0	0	0	0	0	0	0	0	0	0	0	0	0	0	0	0	0	0	0	0	0	0	0	0	0	0	0	0	0	0	0	0	0	0	0	0	0	0	0	0	0	0	0	0	0	0	0	0	0	0	0	0	0	0	0	0	0	0	0	0	0	0	0	0	0	0	0	0	0	0	0	0	0	0	0	0	0	0	0	0	0	0	0	0	0	0	0	0	0	0	0	
RR?:	-	-	-	-	-	-	-	-	-	-	-	-	-	-	-	-	-	-	-	-	-	-	-	-	-	-	-	-	-	-	-	-	-	-	-	-	-	-	-	-	-	-	-	-	-	-	-	-	-	-	-	-	-	-	-	-	-	-	-	-	-	-	-	-	-	-	-	-	-	-	-	-	-	-	-	-	-	-	-	-	-	-	-	-	-	-	-	-	-	-	-	-	-	-	-	-	-	-	-	-	-	-	-	-	-	-	-	-	-	-	-	-	-	-	-	-	-	-	-	
Delta1:	0	0	0	0	0	0	0	0	0	0	0	0	0	0	0	0	0	0	0	0	0	0	0	0	0	0.117783	0.105361	0.0953102	0.0870114	0.0800427	0.074108	0.0689929	0.0645385	0	0	0	0	0	0	0	0	0	0	0	0	0	0	0	0	0	0	0	0	0	0	0	0	0	0	0	0	0	0	0	0	0	0	0	0	0	0	0	0	0	-2.05539	0	0	0	0	0	0.944916	0	0	0	0	0	0.156986	1.96509	0	0	0	-1.30135	0	0	0	0	0	0	0	0	0	0	0	0	0	0	0	0	0	-1.42939	3.16606	0.0289875	0.0281709	-2.14876	-1.17257	0	0	0	2.42875	
P_Delta1:	1	1	1	1	1	1	1	1	1	1	1	1	1	1	1	1	1	1	1	1	1	1	1	1	1	0.455026	0.435714	0.440115	0.458069	0.461772	0.457576	0.463797	0.463	1	1	1	1	1	1	1	1	1	1	1	1	1	1	1	1	1	1	1	1	1	1	1	1	1	1	1	1	1	1	1	1	1	1	1	1	1	1	1	1	1	0.943704	1	1	1	1	1	0.189706	1	1	1	1	1	0.389572	0.0735931	1	1	1	0.895753	1	1	1	1	1	1	1	1	1	1	1	1	1	1	1	1	1	0.878901	0.030303	0.476909	0.474058	0.940096	0.857721	1	1	1	0.0440904	
Delta2:	0	0	0	0	0	0	0	0	0	0	0	0	0	0	0	0	0	0	0	0	0	0	0	0	0	0.693147	0.693147	0.693147	0.693147	0.693147	0.693147	0.693147	0.693147	0	0	0	0	0	0	0	0	0	0	0	0	0	0	0	0	0	0	0	0	0	0	0	0	0	0	0	0	0	0	0	0	0	0	0	0	0	0	0	0	0	0	0	0	0	0	0	0.849204	0	0	0	0	0	0.47939	1.79176	0	0	0	0.402381	0	0	0	0	0	0	0	0	0	0	0	0	0	0	0	0	0	0.0945398	2.89037	0.693147	0.693147	0.32435	0.0744179	0	0	0	2.19636	
P_Delta2:	1	1	1	1	1	1	1	1	1	1	1	1	1	1	1	1	1	1	1	1	1	1	1	1	1	0.253968	0.25	0.242424	0.266667	0.251748	0.251082	0.247863	0.243132	1	1	1	1	1	1	1	1	1	1	1	1	1	1	1	1	1	1	1	1	1	1	1	1	1	1	1	1	1	1	1	1	1	1	1	1	1	1	1	1	1	1	1	1	1	1	1	0.203595	1	1	1	1	1	0.31685	0.0822511	1	1	1	0.333618	1	1	1	1	1	1	1	1	1	1	1	1	1	1	1	1	1	0.516016	0.0409982	0.236767	0.239124	0.36204	0.54834	1	1	1	0.0523752	
SGPr:	1	1	1	1	1	1	1	1	1	1	1	1	1	1	1	1	1	1	1	1	1	1	1	1	1	0.222222	0.2	0.181818	0.166667	0.153846	0.142857	0.133333	0.125	1	1	1	1	1	1	1	1	1	1	1	1	1	1	1	1	1	1	1	1	1	1	1	1	1	1	1	1	1	1	1	1	1	1	1	1	1	1	1	1	1	0.933333	1	1	1	1	1	0.333333	1	1	1	1	1	0.285714	0.0909091	1	1	1	0.166667	1	1	1	1	1	1	1	1	1	1	1	1	1	1	1	1	1	0.545455	0.0588235	0.0571429	0.0555556	0.2	0.596491	1	1	1	0.0677966	
P_dSGP:	1	1	1	1	1	1	1	1	1	1	1	1	1	1	1	1	1	1	1	1	1	1	1	1	1	0.499471	0.502381	0.516306	0.517051	0.517938	0.499883	0.551002	0.529666	1	1	1	1	1	1	1	1	1	1	1	1	1	1	1	1	1	1	1	1	1	1	1	1	1	1	1	1	1	1	1	1	1	1	1	1	1	1	1	1	1	0.980952	1	1	1	1	1	0.0678649	1	1	1	1	1	0.47599	0.332958	1	1	1	0.584219	1	1	1	1	1	1	1	1	1	1	1	1	1	1	1	1	1	0.818217	0.134384	0.516742	0.512842	0.645876	0.823443	1	1	1	0.113362	

RR?: * Denotes nodes for which random resolutions were performed due to                 a polytomy at the first nested node in the larger descendant
	** Denotes nodes for which random resolutions were performed due to a                 polytomy at that node.

************************** end general information **************************

************* WHOLE-TREE TESTS OF DIVERSIFICATION RATE VARIATION *************
stat:	Mr	Ic/PrIc	sumlnP*/Mp*	PNP/Mp	sumP*/Ms*	SNP/Ms	B1/PrB1
Min ERM	3.8452e-09	490	-1.09327	6.23305e-17	0.492981	38.8317	25.0762
Max ERM	0.999999	56	-0.0854098	0.0253388	0.925275	56.1254	37.8929
Observed	0.0529289	475	-1.23809	1.75127e-22	0.422638	34.5241	23.6923
 --> TailPr		3e-06	0	0	0	0	0

*********** end whole-tree tests of diversification rate variation ***********

******************* SHIFT STATISTICS FOR INDIVIDUAL NODES *******************
***************** end shift statistics for individual nodes *****************


