            ******* TREE #0 *******
**************************** GENERAL INFORMATION ****************************
   Wed Jan 24 19:16:31 2018
   Tree from file: timebin1correct.tre
   -------------------------------- SETTINGS --------------------------------
       Numbers as:	taxon labels
       Number of simulated trees:	1000000
   --------------------------------------------------------------------------

Number of taxa:	30
Tree:	(((1,(2,(3,(4,(5,(6,(7,(8,(9,(10,(14,(11,(12,13))))))))))))),(((15,16),(17,18)),(19,(20,(21,((26,(25,(22,(23,24)))),(27,28))))))),(29,30))

Node:	0	1	2	3	4	5	6	7	8	9	10	11	12	13	14	15	16	17	18	19	20	21	22	23	24	25	26	27	28	29	30	31	32	33	34	35	36	37	38	39	40	41	42	43	44	45	46	47	48	49	50	51	52	53	54	55	56	57	58	
Paup#:	1	2	3	4	5	6	7	8	9	10	11	12	13	14	45	44	43	42	41	40	39	38	37	36	35	34	33	15	16	48	17	18	49	47	19	20	21	22	23	24	25	26	57	56	55	54	27	28	58	53	52	51	50	46	32	29	30	59	31	
Dy:	1	1	1	1	1	1	1	1	1	1	1	1	1	1	2	3	4	5	6	7	8	9	10	11	12	13	14	1	1	2	1	1	2	4	1	1	1	1	1	1	1	1	2	3	4	5	1	1	2	7	8	9	10	14	28	1	1	2	30	
ND:	3	4	5	6	7	8	9	10	11	12	13	14	15	15	14	13	12	11	10	9	8	7	6	5	4	3	2	5	5	4	5	5	4	3	4	5	6	8	9	10	11	11	10	9	8	7	8	8	7	6	5	4	3	2	1	2	2	1	0	
TL:	0	0	0	0	0	0	0	0	0	0	0	0	0	0	0	0	0	0	0	0	0	0	0	0	0	0	0	0	0	0	0	0	0	0	0	0	0	0	0	0	0	0	0	0	0	0	0	0	0	0	0	0	0	0	0	0	0	0	0	
RR?:	-	-	-	-	-	-	-	-	-	-	-	-	-	-	-	-	-	-	-	-	-	-	-	-	-	-	-	-	-	-	-	-	-	-	-	-	-	-	-	-	-	-	-	-	-	-	-	-	-	-	-	-	-	-	-	-	-	-	-	
Delta1:	0	0	0	0	0	0	0	0	0	0	0	0	0	0	0	0	0	0	0	0	0	0	0.117783	0.105361	0.0953102	0.0870114	0.0800427	0	0	0	0	0	0	0	0	0	0	0	0	0	0	0	0	0	0	0	0	0	0	0	0	0	0.117783	-1.87287	-2.56495	0	0	0	1.97963	
P_Delta1:	1	1	1	1	1	1	1	1	1	1	1	1	1	1	1	1	1	1	1	1	1	1	0.455026	0.435714	0.440115	0.458069	0.461772	1	1	1	1	1	1	1	1	1	1	1	1	1	1	1	1	1	1	1	1	1	1	1	1	1	0.455026	0.917582	0.938132	1	1	1	0.0567415	
Delta2:	0	0	0	0	0	0	0	0	0	0	0	0	0	0	0	0	0	0	0	0	0	0	0.693147	0.693147	0.693147	0.693147	0.693147	0	0	0	0	0	0	0	0	0	0	0	0	0	0	0	0	0	0	0	0	0	0	0	0	0	0.693147	0.0686345	0	0	0	0	1.97963	
P_Delta2:	1	1	1	1	1	1	1	1	1	1	1	1	1	1	1	1	1	1	1	1	1	1	0.253968	0.25	0.242424	0.266667	0.251748	1	1	1	1	1	1	1	1	1	1	1	1	1	1	1	1	1	1	1	1	1	1	1	1	1	0.253968	0.526729	1	1	1	1	0.0616676	
SGPr:	1	1	1	1	1	1	1	1	1	1	1	1	1	1	1	1	1	1	1	1	1	1	0.222222	0.2	0.181818	0.166667	0.153846	1	1	1	1	1	1	1	1	1	1	1	1	1	1	1	1	1	1	1	1	1	1	1	1	1	0.222222	0.615385	1	1	1	1	0.137931	
P_dSGP:	1	1	1	1	1	1	1	1	1	1	1	1	1	1	1	1	1	1	1	1	1	1	0.499471	0.502381	0.516306	0.517051	0.517938	1	1	1	1	1	1	1	1	1	1	1	1	1	1	1	1	1	1	1	1	1	1	1	1	1	0.499471	0.891941	0.994302	1	1	1	0.00748039	

RR?: * Denotes nodes for which random resolutions were performed due to                 a polytomy at the first nested node in the larger descendant
	** Denotes nodes for which random resolutions were performed due to a                 polytomy at that node.

************************** end general information **************************

************* WHOLE-TREE TESTS OF DIVERSIFICATION RATE VARIATION *************
stat:	Mr	Ic/PrIc	sumlnP*/Mp*	PNP/Mp	sumP*/Ms*	SNP/Ms	B1/PrB1
Min ERM	7.49655e-07	237	-1.37104	1.52696e-11	0.404271	17.0868	10.9877
Max ERM	0.999999	11	-0.0183472	0.768473	0.982794	28.7586	19.7
Observed	0.135377	140	-0.995529	1.96941e-10	0.468209	16.7049	10.5805
 --> TailPr		0.003742	0.000335	6e-06	3e-05	0	0

*********** end whole-tree tests of diversification rate variation ***********

******************* SHIFT STATISTICS FOR INDIVIDUAL NODES *******************
***************** end shift statistics for individual nodes *****************


