            ******* TREE #0 *******
**************************** GENERAL INFORMATION ****************************
   Wed Jan 24 19:37:39 2018
   Tree from file: timebin4correct.tre
   -------------------------------- SETTINGS --------------------------------
       Numbers as:	taxon labels
       Number of simulated trees:	1000000
   --------------------------------------------------------------------------

Number of taxa:	89
Tree:	(((1,(2,(3,(4,(5,(6,(7,(8,(9,((12,(10,11)),(((15,(13,14)),(18,(16,17))),(19,20)))))))))))),(((21,22),(23,24)),(25,(26,(27,(((58,(((((32,(31,(30,(28,29)))),(33,34)),(35,(36,(37,((38,39),((40,41),(42,43))))))),((44,45),(54,(53,(52,((48,(46,47)),(51,(49,50)))))))),(57,(55,56)))),(59,60)),(61,(62,(63,(64,(65,((66,(67,68)),((69,(70,71)),(((72,73),(74,75)),(87,((80,((76,77),(78,79))),(81,(82,((83,84),(85,86)))))))))))))))))))),(88,89))

Node:	0	1	2	3	4	5	6	7	8	9	10	11	12	13	14	15	16	17	18	19	20	21	22	23	24	25	26	27	28	29	30	31	32	33	34	35	36	37	38	39	40	41	42	43	44	45	46	47	48	49	50	51	52	53	54	55	56	57	58	59	60	61	62	63	64	65	66	67	68	69	70	71	72	73	74	75	76	77	78	79	80	81	82	83	84	85	86	87	88	89	90	91	92	93	94	95	96	97	98	99	100	101	102	103	104	105	106	107	108	109	110	111	112	113	114	115	116	117	118	119	120	121	122	123	124	125	126	127	128	129	130	131	132	133	134	135	136	137	138	139	140	141	142	143	144	145	146	147	148	149	150	151	152	153	154	155	156	157	158	159	160	161	162	163	164	165	166	167	168	169	170	171	172	173	174	175	176	
Paup#:	1	2	3	4	5	6	7	8	9	10	11	12	103	102	13	14	15	107	106	16	17	18	109	108	105	19	20	110	104	101	100	99	98	97	96	95	94	93	92	21	22	113	23	24	114	112	25	26	27	28	29	30	31	32	33	128	127	126	125	34	35	129	124	36	37	38	39	40	134	41	42	136	43	44	137	135	133	132	131	130	123	45	46	139	47	48	49	50	51	52	145	144	53	54	55	147	146	143	142	141	140	138	122	56	57	58	149	148	121	120	59	60	150	119	61	62	63	64	65	66	67	68	158	157	69	70	71	161	160	72	73	164	74	75	165	163	76	77	78	79	170	80	81	171	169	168	82	83	84	85	175	86	87	176	174	173	172	167	166	162	159	156	155	154	153	152	151	118	117	116	115	111	91	88	89	177	90	
Dy:	1	1	1	1	1	1	1	1	1	1	1	1	2	3	1	1	1	2	3	1	1	1	2	3	6	1	1	2	8	11	12	13	14	15	16	17	18	19	20	1	1	2	1	1	2	4	1	1	1	1	1	1	1	1	1	2	3	4	5	1	1	2	7	1	1	1	1	1	2	1	1	2	1	1	2	4	6	7	8	9	16	1	1	2	1	1	1	1	1	1	2	3	1	1	1	2	3	6	7	8	9	11	27	1	1	1	2	3	30	31	1	1	2	33	1	1	1	1	1	1	1	1	2	3	1	1	1	2	3	1	1	2	1	1	2	4	1	1	1	1	2	1	1	2	4	5	1	1	1	1	2	1	1	2	4	5	6	11	12	16	19	22	23	24	25	26	27	60	61	62	63	67	87	1	1	2	89	
ND:	3	4	5	6	7	8	9	10	11	13	14	14	13	12	15	16	16	15	14	15	16	16	15	14	13	14	14	13	12	11	10	9	8	7	6	5	4	3	2	5	5	4	5	5	4	3	4	5	6	9	14	15	16	17	17	16	15	14	13	14	14	13	12	13	14	15	17	17	16	18	18	17	18	18	17	16	15	14	13	12	11	13	13	12	13	14	15	17	18	18	17	16	17	18	18	17	16	15	14	13	12	11	10	11	12	12	11	10	9	8	9	9	8	7	8	9	10	11	12	14	15	15	14	13	15	16	16	15	14	17	17	16	17	17	16	15	16	18	20	20	19	20	20	19	18	17	18	19	21	21	20	21	21	20	19	18	17	16	15	14	13	12	11	10	9	8	7	6	5	4	3	2	1	2	2	1	0	
TL:	0	0	0	0	0	0	0	0	0	0	0	0	0	0	0	0	0	0	0	0	0	0	0	0	0	0	0	0	0	0	0	0	0	0	0	0	0	0	0	0	0	0	0	0	0	0	0	0	0	0	0	0	0	0	0	0	0	0	0	0	0	0	0	0	0	0	0	0	0	0	0	0	0	0	0	0	0	0	0	0	0	0	0	0	0	0	0	0	0	0	0	0	0	0	0	0	0	0	0	0	0	0	0	0	0	0	0	0	0	0	0	0	0	0	0	0	0	0	0	0	0	0	0	0	0	0	0	0	0	0	0	0	0	0	0	0	0	0	0	0	0	0	0	0	0	0	0	0	0	0	0	0	0	0	0	0	0	0	0	0	0	0	0	0	0	0	0	0	0	0	0	0	0	0	0	0	0	
RR?:	-	-	-	-	-	-	-	-	-	-	-	-	-	-	-	-	-	-	-	-	-	-	-	-	-	-	-	-	-	-	-	-	-	-	-	-	-	-	-	-	-	-	-	-	-	-	-	-	-	-	-	-	-	-	-	-	-	-	-	-	-	-	-	-	-	-	-	-	-	-	-	-	-	-	-	-	-	-	-	-	-	-	-	-	-	-	-	-	-	-	-	-	-	-	-	-	-	-	-	-	-	-	-	-	-	-	-	-	-	-	-	-	-	-	-	-	-	-	-	-	-	-	-	-	-	-	-	-	-	-	-	-	-	-	-	-	-	-	-	-	-	-	-	-	-	-	-	-	-	-	-	-	-	-	-	-	-	-	-	-	-	-	-	-	-	-	-	-	-	-	-	-	-	-	-	-	-	
Delta1:	0	0	0	0	0	0	0	0	0	0	0	0	0	0	0	0	0	0	0	0	0	0	0	0	0	0	0	0	0	-0.155362	2.00607	0.0870114	0.0800427	0.074108	0.0689929	0.0645385	0.0606246	0.0571584	0.0540672	0	0	0	0	0	0	0	0	0	0	0	0	0	0	0	0	0	0	0	0	0	0	0	0	0	0	0	0	0	0	0	0	0	0	0	0	0	0	0	0	0	-2.05539	0	0	0	0	0	0	0	0	0	0	0	0	0	0	0	0	0	0	0	0	-1.17572	0.0263846	0	0	0	0	0	1.40278	1.94798	0	0	0	-1.32287	0	0	0	0	0	0	0	0	0	0	0	0	0	0	0	0	0	0	0	0	0	0	0	0	0	0	0	0	0	0	0	0	0	0	0	0	0	0	0	0	0	0	0	-1.59589	2.38435	-1.94606	0.517135	0.156986	1.96509	0.0444518	0.0425596	0.040822	0.0392207	-2.06446	4.08047	0.0165293	0.0162605	-2.18842	-1.46321	0	0	0	2.6154	
P_Delta1:	1	1	1	1	1	1	1	1	1	1	1	1	1	1	1	1	1	1	1	1	1	1	1	1	1	1	1	1	1	0.599524	0.109091	0.458069	0.461772	0.457576	0.463797	0.463	0.481428	0.480476	0.470503	1	1	1	1	1	1	1	1	1	1	1	1	1	1	1	1	1	1	1	1	1	1	1	1	1	1	1	1	1	1	1	1	1	1	1	1	1	1	1	1	1	0.943704	1	1	1	1	1	1	1	1	1	1	1	1	1	1	1	1	1	1	1	1	0.79619	0.488563	1	1	1	1	1	0.118269	0.071757	1	1	1	0.862356	1	1	1	1	1	1	1	1	1	1	1	1	1	1	1	1	1	1	1	1	1	1	1	1	1	1	1	1	1	1	1	1	1	1	1	1	1	1	1	1	1	1	1	0.933333	0.0363636	0.91037	0.279785	0.389572	0.0735931	0.463055	0.473562	0.474453	0.478307	0.939414	0.0039548	0.484381	0.482656	0.946673	0.894456	1	1	1	0.0327999	
Delta2:	0	0	0	0	0	0	0	0	0	0	0	0	0	0	0	0	0	0	0	0	0	0	0	0	0	0	0	0	0	0.116737	1.79176	0.693147	0.693147	0.693147	0.693147	0.693147	0.693147	0.693147	0.693147	0	0	0	0	0	0	0	0	0	0	0	0	0	0	0	0	0	0	0	0	0	0	0	0	0	0	0	0	0	0	0	0	0	0	0	0	0	0	0	0	0	0	0	0	0	0	0	0	0	0	0	0	0	0	0	0	0	0	0	0	0	0	0.246564	0.0210564	0	0	0	0	0	1.26165	1.79176	0	0	0	0.402381	0	0	0	0	0	0	0	0	0	0	0	0	0	0	0	0	0	0	0	0	0	0	0	0	0	0	0	0	0	0	0	0	0	0	0	0	0	0	0	0	0	0	0	0	2.30259	0.127819	0.562439	0.47939	1.79176	0.693147	0.693147	0.693147	0.693147	0.00176499	3.98898	0.693147	0.693147	0.389034	0.140867	0	0	0	2.37431	
P_Delta2:	1	1	1	1	1	1	1	1	1	1	1	1	1	1	1	1	1	1	1	1	1	1	1	1	1	1	1	1	1	0.492857	0.145455	0.266667	0.251748	0.251082	0.247863	0.243132	0.254342	0.246296	0.23839	1	1	1	1	1	1	1	1	1	1	1	1	1	1	1	1	1	1	1	1	1	1	1	1	1	1	1	1	1	1	1	1	1	1	1	1	1	1	1	1	1	1	1	1	1	1	1	1	1	1	1	1	1	1	1	1	1	1	1	1	1	1	0.378571	0.658703	1	1	1	1	1	0.139096	0.0858785	1	1	1	0.329163	1	1	1	1	1	1	1	1	1	1	1	1	1	1	1	1	1	1	1	1	1	1	1	1	1	1	1	1	1	1	1	1	1	1	1	1	1	1	1	1	1	1	1	1	0.0363636	0.495447	0.276984	0.31685	0.0822511	0.241103	0.244372	0.238554	0.23651	0.843693	0.00621469	0.24205	0.24033	0.336023	0.475681	1	1	1	0.0452864	
SGPr:	1	1	1	1	1	1	1	1	1	1	1	1	1	1	1	1	1	1	1	1	1	1	1	1	1	1	1	1	1	0.6	0.181818	0.166667	0.153846	0.142857	0.133333	0.125	0.117647	0.111111	0.105263	1	1	1	1	1	1	1	1	1	1	1	1	1	1	1	1	1	1	1	1	1	1	1	1	1	1	1	1	1	1	1	1	1	1	1	1	1	1	1	1	1	0.933333	1	1	1	1	1	1	1	1	1	1	1	1	1	1	1	1	1	1	1	1	0.4	0.846154	1	1	1	1	1	0.206897	0.0666667	1	1	1	0.125	1	1	1	1	1	1	1	1	1	1	1	1	1	1	1	1	1	1	1	1	1	1	1	1	1	1	1	1	1	1	1	1	1	1	1	1	1	1	1	1	1	1	1	1	0.181818	0.533333	0.333333	0.285714	0.0909091	0.0869565	0.0833333	0.08	0.0769231	0.915254	0.0333333	0.0327869	0.0322581	0.121212	0.465116	1	1	1	0.0454545	
P_dSGP:	1	1	1	1	1	1	1	1	1	1	1	1	1	1	1	1	1	1	1	1	1	1	1	1	1	1	1	1	1	0.599524	0.215152	0.517051	0.517938	0.499883	0.551002	0.529666	0.515891	0.502698	0.525732	1	1	1	1	1	1	1	1	1	1	1	1	1	1	1	1	1	1	1	1	1	1	1	1	1	1	1	1	1	1	1	1	1	1	1	1	1	1	1	1	1	0.980952	1	1	1	1	1	1	1	1	1	1	1	1	1	1	1	1	1	1	1	1	0.71619	0.429667	1	1	1	1	1	0.0724486	0.380741	1	1	1	0.572299	1	1	1	1	1	1	1	1	1	1	1	1	1	1	1	1	1	1	1	1	1	1	1	1	1	1	1	1	1	1	1	1	1	1	1	1	1	1	1	1	1	1	1	0.92	0.0363636	0.78507	0.340052	0.47599	0.332958	0.522663	0.534384	0.502036	0.502448	0.983426	0.0068781	0.505118	0.505798	0.594763	0.790218	1	1	1	0.168938	

RR?: * Denotes nodes for which random resolutions were performed due to                 a polytomy at the first nested node in the larger descendant
	** Denotes nodes for which random resolutions were performed due to a                 polytomy at that node.

************************** end general information **************************

************* WHOLE-TREE TESTS OF DIVERSIFICATION RATE VARIATION *************
stat:	Mr	Ic/PrIc	sumlnP*/Mp*	PNP/Mp	sumP*/Ms*	SNP/Ms	B1/PrB1
Min ERM	8.73033e-07	793	-1.03493	3.65101e-22	0.534582	60.9688	39.2049
Max ERM	0.999999	108	-0.124321	0.00103331	0.896276	82.7267	54.794
Observed	0.0327696	836	-1.30655	8.89845e-32	0.450263	56.1562	39.5787
 --> TailPr		0	0	0	0	0	3e-06

*********** end whole-tree tests of diversification rate variation ***********

******************* SHIFT STATISTICS FOR INDIVIDUAL NODES *******************
***************** end shift statistics for individual nodes *****************


